2000
83
82
26
97
46
0
10
0
20
47
90
57
58
2
36
91
42
71
29
30
72
59
52
67
1
17
20
77
63
9
42
1
53
54
64
33
94
93
38
70
63
41
74
83
82
16
91
32
92
83
70
96
59
61
57
27
41
4
67
79
35
53
15
85
13
61
56
7
45
99
85
79
30
3
86
6
99
68
67
61
84
91
44
36
0
60
89
14
72
36
14
73
11
83
1
34
78
47
22
6
30
5
44
42
96
68
94
20
84
63
45
68
9
1
16
82
0
67
8
12
67
90
21
46
20
8
92
88
53
20
38
36
58
80
37
81
30
57
78
38
18
15
35
75
88
55
34
13
38
39
2
41
21
73
24
39
61
14
84
91
38
81
93
55
45
34
90
18
19
28
35
64
89
22
47
11
60
49
27
98
99
43
95
60
19
54
47
80
79
72
37
54
84
57
21
8
14
93
89
10
48
60
43
18
92
52
23
40
94
74
41
61
43
91
7
95
5
28
58
17
53
23
7
26
72
72
80
59
94
88
56
88
84
65
99
8
95
23
5
62
46
22
6
10
5
7
26
44
78
51
46
49
8
57
22
59
1
15
36
96
56
68
9
18
60
48
12
25
12
97
68
48
95
5
61
37
57
92
72
40
31
43
9
65
7
41
2
9
32
29
75
86
13
56
70
34
27
40
40
19
56
45
83
3
82
3
1
25
48
61
97
86
43
53
33
6
56
87
40
68
16
90
64
91
48
88
90
41
30
37
60
56
22
88
56
8
66
21
68
8
70
71
49
24
87
88
16
30
64
52
18
95
58
35
51
17
22
45
49
79
1
28
97
89
72
21
58
36
35
27
85
40
82
24
81
28
26
16
8
49
85
71
61
92
26
26
67
33
35
86
99
96
99
64
54
89
14
16
57
42
99
15
24
94
89
70
71
11
81
6
39
33
79
24
54
89
71
94
94
19
58
79
20
4
73
89
54
54
61
26
57
77
24
43
41
97
3
33
37
57
96
12
55
32
77
68
79
27
42
88
95
46
76
40
60
86
62
12
3
58
33
81
90
96
34
94
72
31
7
51
89
18
70
29
51
20
56
74
90
78
74
94
46
72
8
62
31
31
31
68
52
70
57
91
24
24
46
17
37
94
93
74
41
82
63
66
39
55
95
54
33
85
28
19
43
71
51
84
77
63
32
17
37
74
69
76
91
25
32
82
4
7
62
93
4
40
25
37
11
81
51
1
58
29
55
72
63
8
8
55
10
74
8
88
42
10
11
99
55
63
55
64
25
42
86
81
53
89
61
13
42
0
20
86
80
63
64
15
96
99
88
33
38
96
31
31
34
1
0
68
81
6
68
88
32
91
80
21
66
26
38
63
58
95
37
57
43
69
18
46
83
12
11
60
6
60
58
29
96
61
59
7
95
25
82
84
73
34
97
9
82
52
6
78
67
37
15
75
59
72
10
21
80
70
0
20
84
35
73
87
57
52
86
81
26
61
66
35
81
2
68
82
9
74
13
18
55
19
69
43
40
31
20
22
96
14
87
72
14
97
83
47
66
95
85
33
3
94
11
93
34
16
26
58
19
63
60
99
95
17
60
45
62
76
83
31
13
40
13
24
66
86
53
72
51
26
69
51
17
36
34
99
30
44
82
68
84
98
43
34
39
63
19
41
1
37
28
88
73
64
90
28
14
14
2
22
24
0
90
4
91
71
42
24
43
82
21
49
8
92
41
98
91
40
19
4
29
19
42
59
58
86
73
44
24
65
11
86
46
99
75
35
19
18
32
68
3
38
67
23
59
29
31
59
36
86
75
85
54
58
66
10
6
94
23
17
2
54
84
79
91
17
93
68
88
71
92
60
85
43
83
85
74
97
44
82
40
91
40
12
16
98
68
33
64
63
76
31
47
6
12
13
53
39
15
36
53
20
1
87
12
50
10
43
51
83
69
90
21
64
10
94
52
82
70
78
32
86
7
16
59
77
47
29
70
33
26
85
4
62
96
33
94
95
59
50
59
49
85
71
9
36
20
46
64
91
23
63
25
11
32
14
38
63
31
58
68
23
14
42
24
28
68
10
18
2
19
37
95
57
29
74
18
57
79
33
89
45
97
63
41
38
76
44
16
27
61
96
49
52
10
72
33
92
2
59
56
15
49
80
89
72
29
74
79
29
38
29
64
96
21
15
91
55
71
75
21
39
96
68
35
50
82
57
15
56
6
15
28
98
18
68
39
98
36
75
35
74
54
20
52
36
14
50
39
1
20
45
49
33
46
93
97
31
43
56
86
29
79
39
38
66
70
64
40
6
90
78
84
2
58
37
88
57
89
96
61
69
4
13
64
50
15
15
19
64
45
37
30
91
41
58
38
56
84
12
19
38
92
74
65
42
23
89
70
90
45
9
49
39
6
8
58
2
68
11
69
72
79
17
60
90
41
88
28
24
84
1
70
72
34
55
6
73
29
63
61
36
75
38
80
43
91
76
91
1
52
47
31
65
78
87
22
78
15
45
25
14
4
30
20
25
60
1
15
1
27
91
25
31
27
62
76
1
91
4
56
30
81
26
69
1
17
52
29
42
90
38
59
85
45
11
57
45
8
93
80
44
46
82
89
47
8
85
46
52
13
28
7
74
84
69
31
97
77
26
94
39
19
70
79
23
22
32
73
55
41
70
41
79
53
59
15
28
14
44
11
54
73
93
38
25
20
66
49
53
78
39
91
33
10
73
50
94
17
30
24
13
45
1
55
98
57
86
30
85
66
66
41
85
97
54
67
7
70
64
67
25
83
95
98
52
30
40
14
87
26
48
98
13
61
80
88
85
73
75
58
67
44
43
58
78
10
79
84
84
5
7
81
53
60
76
21
64
67
26
1
78
82
79
15
84
24
65
61
3
26
83
24
63
47
60
28
16
87
49
76
52
55
0
68
96
55
12
70
72
70
79
21
26
93
22
95
26
58
76
11
78
43
9
18
22
4
96
73
73
69
87
58
14
4
10
86
4
49
43
16
18
79
44
0
49
6
25
22
79
45
60
52
12
65
34
61
7
31
27
24
71
79
29
20
75
65
29
45
7
37
51
31
44
85
28
45
77
78
12
81
79
91
57
85
34
36
44
41
13
67
90
96
87
7
23
41
11
70
82
67
94
81
34
18
63
77
95
48
67
4
20
54
37
56
39
59
55
7
77
47
67
44
16
55
21
85
26
5
98
78
52
94
4
21
31
15
90
30
77
12
59
89
64
90
34
29
2
5
45
39
81
97
74
51
29
16
21
23
78
28
51
38
19
45
63
70
31
57
79
13
95
27
13
76
36
70
50
21
75
66
86
63
42
41
38
68
18
7
59
34
57
54
88
89
88
59
17
84
92
44
20
49
37
32
8
18
73
40
73
65
78
40
88
24
34
97
31
62
97
40
90
72
57
31
95
28
30
90
99
22
61
77
2
87
45
43
46
38
90
46
23
21
25
38
41
33
37
15
96
98
12
75
23
69
17
71
97
74
5
5
93
84
55
86
57
67
29
65
45
6
15
99
59
72
62
52
90
47
41
10
83
55
35
56
91
93
85
82
86
40
73
56
7
84
40
4
49
84
24
80
78
23
85
75
78
23
60
58
66
62
84
93
74
46
97
8
7
86
22
77
93
62
87
43
96
67
91
27
46
59
62
21
4
7
51
49
76
5
20
48
91
81
49
14
22
35
94
37
74
35
35
94
52
63
26
14
42
60
28
84
19
35
0
72
37
46
41
31
89
7
37
94
67
81
29
84
15
77
82
0
83
30
72
42
97
28
3
1
39
25
20
69
9
49
61
62
7
67
27
92
53
5
67
52
19
81
95
11
48
20
78
38
73
72
62
30
1
96
85
16
8
66
74
44
61
24
57
37
68
39
26
40
11
70
26
26
91
70
63
75
83
69
29
37
73
64
80
92
8
0
4
91
53
64
14
67
88
13
33
95
90
74
1
79
73
94
31
72
15
51
93
16
18
84
75
67
67
87
42
2
30
59
88
3
29
39
73
96
9
20
92
78
65
19
61
13
85
63
85
91
74
61
26
74
90
84
17
46
87
96
13
63
14
22
58
10
50
82
62
89
43
44
2
16
71
34
20
11
32
14
60
1
74
47
13
26
35
46
54
44
56
20
64
74
14
88
97
57
10
94
37
68
13
37
24
47
7
85
13
7
65
14
53
36
69
98
47
74
65
70
42
44
47
58
83
41
16
55
17
69
94
18
35
88
80
49
45
33
56
41
77
70
78
52
87
78
36
42
70
23
87
79
2
77
57
55
35
27
13
36
23
52
38
35
31
37
40
77
49
45
55
85
2
32
61
7
50
61
6
14
32
78
19
53
48
93
64
27
59
0
33
9
82
64
66
0
53
67
93
20
17
7
96
34
83
58
44
49
23
63
29
91
65
73
11
1
23
87
0
97
11
24
39
38
58
76
53
10
33
30
6
23
20
91
55
19
64
46
93
38
17
82
39
56
75
78
84
83
64
75
23
97
19
95
33
78
40
7
29
5
88
78
20
